877246,506933 872758,483569 0
872758,483569 871997,216753 0
871997,216753 861858,464330 0
861858,464330 852182,216450 0
852182,216450 837938,454053 0
831024,216445 819819,444385 0
819819,444385 816053,213877 0
816053,213877 803825,207091 0
803825,207091 799438,435554 0
799438,435554 784084,202671 0
733001,669405 732542,701226 0
732542,701226 730540,641753 0
730540,641753 715687,727035 0
715687,727035 714468,609168 0
714468,609168 709778,762200 0
666104,156603 651792,170253 0
651792,170253 634116,180542 0
634116,180542 617644,190495 0
617644,190495 610199,205343 0
610199,205343 600740,223479 0
506514,275683 505199,366894 0
505199,366894 496862,345006 0
496862,345006 491071,292001 0
491071,292001 490466,331273 0
490466,331273 487443,310633 0
459345,846348 457995,875949 0
457995,875949 457413,817867 0
457413,817867 449674,788460 0
449674,788460 436418,774939 0
436418,774939 421182,750296 0
359928,281001 340523,274257 0
340523,274257 336433,532699 0
336433,532699 326138,280639 0
326138,280639 310334,561024 0
310334,561024 308763,274120 0
300558,271515 288598,559393 0
288598,559393 284352,271581 0
284352,271581 265555,561529 0
265555,561529 240871,553198 0
240871,553198 227674,547467 0
897564,131330 875970,627386 1
865111,881605 829206,164171 1
800136,911258 784479,606085 1
672587,585158 649366,572318 1
598655,293710 575726,874298 1
550769,351044 526989,905679 1
513052,447444 496235,415562 1
489823,569270 486101,520609 1
372730,665240 359640,764931 1
351964,808474 339404,204750 1
332761,110210 296348,627804 1
192928,871344 155727,879856 1
