74684.0,741772.0	161318.0,68914.0	0
74684.0,741772.0	77107.0,913614.0	0
77107.0,913614.0	168137.0,177682.0	0
77107.0,913614.0	77230.0,448482.0	0
77230.0,448482.0	170065.0,357915.0	0
77230.0,448482.0	77967.0,824256.0	0
77967.0,824256.0	170412.0,270641.0	0
77967.0,824256.0	78468.0,353598.0	0
78468.0,353598.0	171477.0,904450.0	0
78468.0,353598.0	79862.0,642734.0	0
79862.0,642734.0	173609.0,727621.0	0
79862.0,642734.0	80721.0,267403.0	0
80721.0,267403.0	173641.0,632051.0	0
80721.0,267403.0	81471.0,81890.0	0
81471.0,81890.0	174007.0,444089.0	0
81471.0,81890.0	82022.0,548433.0	0
82022.0,548433.0	177006.0,827685.0	0
82022.0,548433.0	82343.0,170056.0	0
82343.0,170056.0	177035.0,541054.0	0
161318.0,68914.0	258642.0,730043.0	0
161318.0,68914.0	168137.0,177682.0	0
168137.0,177682.0	260831.0,632839.0	0
168137.0,177682.0	170065.0,357915.0	0
170065.0,357915.0	264407.0,349628.0	0
170065.0,357915.0	170412.0,270641.0	0
170412.0,270641.0	264469.0,912419.0	0
170412.0,270641.0	171477.0,904450.0	0
171477.0,904450.0	264523.0,454361.0	0
171477.0,904450.0	173609.0,727621.0	0
173609.0,727621.0	265330.0,75292.0	0
173609.0,727621.0	173641.0,632051.0	0
173641.0,632051.0	266279.0,180586.0	0
173641.0,632051.0	174007.0,444089.0	0
174007.0,444089.0	266605.0,543882.0	0
174007.0,444089.0	177006.0,827685.0	0
177006.0,827685.0	268308.0,262430.0	0
177006.0,827685.0	177035.0,541054.0	0
177035.0,541054.0	269302.0,821769.0	0
258642.0,730043.0	356914.0,823641.0	0
258642.0,730043.0	260831.0,632839.0	0
260831.0,632839.0	357068.0,636430.0	0
260831.0,632839.0	264407.0,349628.0	0
264407.0,349628.0	357088.0,728161.0	0
264407.0,349628.0	264469.0,912419.0	0
264469.0,912419.0	357604.0,535207.0	0
264469.0,912419.0	264523.0,454361.0	0
264523.0,454361.0	357703.0,170972.0	0
264523.0,454361.0	265330.0,75292.0	0
265330.0,75292.0	357939.0,913516.0	0
265330.0,75292.0	266279.0,180586.0	0
266279.0,180586.0	358923.0,254401.0	0
266279.0,180586.0	266605.0,543882.0	0
266605.0,543882.0	359351.0,357264.0	0
266605.0,543882.0	268308.0,262430.0	0
268308.0,262430.0	359390.0,444755.0	0
268308.0,262430.0	269302.0,821769.0	0
269302.0,821769.0	359693.0,74804.0	0
356914.0,823641.0	447786.0,159912.0	0
356914.0,823641.0	357068.0,636430.0	0
357068.0,636430.0	448927.0,443421.0	0
357068.0,636430.0	357088.0,728161.0	0
357088.0,728161.0	449358.0,915189.0	0
357088.0,728161.0	357604.0,535207.0	0
357604.0,535207.0	449730.0,352404.0	0
357604.0,535207.0	357703.0,170972.0	0
357703.0,170972.0	449831.0,70961.0	0
357703.0,170972.0	357939.0,913516.0	0
357939.0,913516.0	449851.0,631134.0	0
357939.0,913516.0	358923.0,254401.0	0
358923.0,254401.0	450007.0,732927.0	0
358923.0,254401.0	359351.0,357264.0	0
359351.0,357264.0	450335.0,261353.0	0
359351.0,357264.0	359390.0,444755.0	0
359390.0,444755.0	452025.0,542931.0	0
359390.0,444755.0	359693.0,74804.0	0
359693.0,74804.0	452078.0,823865.0	0
447786.0,159912.0	538119.0,449297.0	0
447786.0,159912.0	448927.0,443421.0	0
448927.0,443421.0	539164.0,720545.0	0
448927.0,443421.0	449358.0,915189.0	0
449358.0,915189.0	539187.0,630856.0	0
449358.0,915189.0	449730.0,352404.0	0
449730.0,352404.0	539728.0,815056.0	0
449730.0,352404.0	449831.0,70961.0	0
449831.0,70961.0	539818.0,904188.0	0
449831.0,70961.0	449851.0,631134.0	0
449851.0,631134.0	540213.0,356188.0	0
449851.0,631134.0	450007.0,732927.0	0
450007.0,732927.0	540782.0,256210.0	0
450007.0,732927.0	450335.0,261353.0	0
450335.0,261353.0	540920.0,166554.0	0
450335.0,261353.0	452025.0,542931.0	0
452025.0,542931.0	542019.0,75139.0	0
452025.0,542931.0	452078.0,823865.0	0
452078.0,823865.0	542210.0,544810.0	0
538119.0,449297.0	633825.0,355297.0	0
538119.0,449297.0	539164.0,720545.0	0
539164.0,720545.0	634389.0,909641.0	0
539164.0,720545.0	539187.0,630856.0	0
539187.0,630856.0	634449.0,724950.0	0
539187.0,630856.0	539728.0,815056.0	0
539728.0,815056.0	634628.0,538170.0	0
539728.0,815056.0	539818.0,904188.0	0
539818.0,904188.0	635938.0,822334.0	0
539818.0,904188.0	540213.0,356188.0	0
540213.0,356188.0	636489.0,635981.0	0
540213.0,356188.0	540782.0,256210.0	0
540782.0,256210.0	636799.0,259527.0	0
540782.0,256210.0	540920.0,166554.0	0
540920.0,166554.0	637008.0,159645.0	0
540920.0,166554.0	542019.0,75139.0	0
542019.0,75139.0	637876.0,75881.0	0
542019.0,75139.0	542210.0,544810.0	0
542210.0,544810.0	638323.0,448114.0	0
633825.0,355297.0	719154.0,77245.0	0
633825.0,355297.0	634389.0,909641.0	0
634389.0,909641.0	720518.0,540561.0	0
634389.0,909641.0	634449.0,724950.0	0
634449.0,724950.0	721890.0,355874.0	0
634449.0,724950.0	634628.0,538170.0	0
634628.0,538170.0	722458.0,263491.0	0
634628.0,538170.0	635938.0,822334.0	0
635938.0,822334.0	723550.0,809982.0	0
635938.0,822334.0	636489.0,635981.0	0
636489.0,635981.0	723705.0,169189.0	0
636489.0,635981.0	636799.0,259527.0	0
636799.0,259527.0	723984.0,629358.0	0
636799.0,259527.0	637008.0,159645.0	0
637008.0,159645.0	724040.0,907881.0	0
637008.0,159645.0	637876.0,75881.0	0
637876.0,75881.0	724121.0,450636.0	0
637876.0,75881.0	638323.0,448114.0	0
638323.0,448114.0	724286.0,725950.0	0
719154.0,77245.0	815676.0,722739.0	0
719154.0,77245.0	720518.0,540561.0	0
720518.0,540561.0	815893.0,909968.0	0
720518.0,540561.0	721890.0,355874.0	0
721890.0,355874.0	817741.0,813796.0	0
721890.0,355874.0	722458.0,263491.0	0
722458.0,263491.0	817895.0,252068.0	0
722458.0,263491.0	723550.0,809982.0	0
723550.0,809982.0	818049.0,81896.0	0
723550.0,809982.0	723705.0,169189.0	0
723705.0,169189.0	818136.0,441179.0	0
723705.0,169189.0	723984.0,629358.0	0
723984.0,629358.0	819732.0,172194.0	0
723984.0,629358.0	724040.0,907881.0	0
724040.0,907881.0	819873.0,541897.0	0
724040.0,907881.0	724121.0,450636.0	0
724121.0,450636.0	822282.0,638429.0	0
724121.0,450636.0	724286.0,725950.0	0
724286.0,725950.0	823313.0,347028.0	0
815676.0,722739.0	908860.0,262608.0	0
815676.0,722739.0	815893.0,909968.0	0
815893.0,909968.0	909836.0,73028.0	0
815893.0,909968.0	817741.0,813796.0	0
817741.0,813796.0	909998.0,163616.0	0
817741.0,813796.0	817895.0,252068.0	0
817895.0,252068.0	910074.0,454352.0	0
817895.0,252068.0	818049.0,81896.0	0
818049.0,81896.0	911328.0,353700.0	0
818049.0,81896.0	818136.0,441179.0	0
818136.0,441179.0	911688.0,631681.0	0
818136.0,441179.0	819732.0,172194.0	0
819732.0,172194.0	911851.0,907786.0	0
819732.0,172194.0	819873.0,541897.0	0
819873.0,541897.0	912010.0,546687.0	0
819873.0,541897.0	822282.0,638429.0	0
822282.0,638429.0	913299.0,824082.0	0
822282.0,638429.0	823313.0,347028.0	0
823313.0,347028.0	913318.0,731960.0	0
908860.0,262608.0	909836.0,73028.0	0
909836.0,73028.0	909998.0,163616.0	0
909998.0,163616.0	910074.0,454352.0	0
910074.0,454352.0	911328.0,353700.0	0
911328.0,353700.0	911688.0,631681.0	0
911688.0,631681.0	911851.0,907786.0	0
911851.0,907786.0	912010.0,546687.0	0
912010.0,546687.0	913299.0,824082.0	0
913299.0,824082.0	913318.0,731960.0	0
